20
Trp-CAGE
N	0.0000000000000000000000001894693599	-8.608   3.135  -1.618
L	0.0000000000000000000000001879011837	-4.923   4.002  -2.452
Y	0.000000000000000000000000270953748	-3.690   2.738   0.981
I	0.0000000000000000000000001879011837	-5.857  -0.449   0.613
Q	0.00000000000000000000000021276102735	-4.122  -1.167  -2.743
W	0.0000000000000000000000003092070186	-0.716  -0.631  -0.993
L	0.0000000000000000000000001879011837	-1.641  -2.932   1.963
K	0.00000000000000000000000021283309305	-3.024  -5.791  -0.269
D	0.0000000000000000000000001911046203	0.466  -6.016  -1.905
G	0.00000000000000000000000009473467995	2.060  -6.618   1.593
G	0.00000000000000000000000009473467995	2.626  -2.967   2.723
P	0.00000000000000000000000016126228035	6.333  -2.533   3.806
S	0.0000000000000000000000001445933511	7.049  -6.179   2.704
S	0.0000000000000000000000001445933511	6.389  -5.315  -1.015
G	0.00000000000000000000000009473467995	9.451  -3.116  -1.870
R	0.00000000000000000000000025934934375	7.289   0.084  -2.054
P	0.00000000000000000000000016126228035	6.782   3.088   0.345
P	0.00000000000000000000000016126228035	3.287   4.031   1.686
P	0.00000000000000000000000016126228035	1.185   6.543  -0.353
S	0.0000000000000000000000001445933511	0.852  10.027   1.285

